AROUSAL -per subject
NAME, RMSE, PearsonCoefficient, MAE, CCC
LSTM_50_timesteps_10_optimizer_adam_lr_0.001_batch_75_epochs_1, 0.25509606690800773, 0.331318957499, 0.210253243328, 0.164470437293
LSTM_50_timesteps_10_optimizer_sgd_lr_0.01_batch_150_epochs_50, 0.2576446154849598, 0.338162379955, 0.21042200373, 0.185395340807
LSTM_50_timesteps_10_optimizer_sgd_lr_0.01_batch_128_epochs_50, 0.24553180147740902, 0.373272561188, 0.198508355559, 0.214723244943
LSTM_50_timesteps_10_optimizer_sgd_lr_0.0001_batch_75_epochs_50, 0.20003392230362269, 0.378308205914, 0.162490859803, 0.256925163711
LSTM_50_timesteps_10_optimizer_sgd_lr_0.0001_batch_75_epochs_100, 0.2031583826582915, 0.335677843908, 0.16454648936, 0.227177505503
LSTM_50_timesteps_10_optimizer_sgd_lr_0.0001_batch_75_epochs_50, 0.19891247774053028, 0.357417066361, 0.161077354822, 0.233189775675
LSTM_50_timesteps_10_optimizer_sgd_lr_0.0001_batch_75_epochs_100, 0.20009925692056513, 0.341897165341, 0.162181885787, 0.233657656759
LSTM_50_timesteps_10_optimizer_sgd_lr_0.0001_batch_128_epochs_50, 0.1986740962516972, 0.359766328588, 0.160756800096, 0.240289414111
LSTM_50_timesteps_10_optimizer_sgd_lr_0.0001_batch_128_epochs_100, 0.19813497425072205, 0.361561367201, 0.159750057857, 0.238101317664
LSTM_50_timesteps_10_optimizer_sgd_lr_0.0001_batch_150_epochs_50, 0.19858964734421905, 0.355142439859, 0.162142506343, 0.228488383294
LSTM_50_timesteps_10_optimizer_sgd_lr_0.0001_batch_150_epochs_100, 0.20018985054692073, 0.351339579128, 0.162532121748, 0.238578679599
LSTM_50_timesteps_10_optimizer_sgd_lr_0.0001_batch_200_epochs_50, 0.19761341900966303, 0.386257390805, 0.160668613806, 0.253022628327
LSTM_50_timesteps_20_optimizer_sgd_lr_0.001_batch_75_epochs_50, 0.22750335157954193, 0.373526370174, 0.18492623571, 0.244596210643
LSTM_50_timesteps_30_optimizer_sgd_lr_0.001_batch_75_epochs_50, 0.23194573530340334, 0.366617486738, 0.188418386728, 0.228741629365
LSTM_50_timesteps_20_optimizer_sgd_lr_0.001_batch_128_epochs_50, 0.21578671020376836, 0.338699896662, 0.174464124876, 0.233100789067
LSTM_50_timesteps_30_optimizer_sgd_lr_0.001_batch_128_epochs_50, 0.21608115899283203, 0.364739128179, 0.175199610759, 0.248063833104
LSTM_50_timesteps_20_optimizer_adam_lr_0.001_batch_75_epochs_50, 0.24338628933994744, 0.246943123747, 0.196333509648, 0.20360044956
LSTM_50_timesteps_30_optimizer_adam_lr_0.001_batch_75_epochs_50, 0.24315245153097378, 0.198249277609, 0.195995192723, 0.168027133109
LSTM_50_timesteps_20_optimizer_adam_lr_0.001_batch_128_epochs_50, 0.23054366240250238, 0.265951144649, 0.185274934375, 0.236472696248
LSTM_50_timesteps_30_optimizer_adam_lr_0.001_batch_128_epochs_50, 0.23256942206395967, 0.243417582147, 0.1879537577, 0.216053272067
LSTM_50_timesteps_10_optimizer_sgd_lr_0.0001_batch_60_epochs_50_stateFul_True, 0.19966260904248667, 0.365224617088, 0.163887100572, 0.250349947966
LSTM_50_timesteps_10_optimizer_adam_lr_0.0001_batch_60_epochs_50_stateFul_True, 0.22633082556515532, 0.245937036819, 0.182494310955, 0.208581316247
LSTM_50_timesteps_10_optimizer_sgd_lr_0.0001_batch_60_epochs_10, 0.20175049322609317, 0.360192501199, 0.164769556045, 0.237789604503
LSTM_50_timesteps_10_optimizer_sgd_lr_0.0001_batch_75_epochs_400_realStopEpoch_37, 0.19964362815279263, 0.358787444793, 0.163474153458, 0.231674037661
LSTM_50_timesteps_10_optimizer_sgd_lr_0.0001_batch_128_epochs_400_realStopEpoch_74, 0.19565308303753398, 0.402159149712, 0.158693249512, 0.252079318685
LSTM_50_timesteps_10_optimizer_sgd_lr_0.0001_batch_200_epochs_400_realStopEpoch_84, 0.19808072830187423, 0.34990099459, 0.161197097158, 0.226418651126
LSTM_80_timesteps_10_optimizer_sgd_lr_0.0001_batch_75_epochs_400_realStopEpoch_42, 0.19764918715255364, 0.393183463469, 0.160808208182, 0.240992563495
LSTM_80_timesteps_10_optimizer_sgd_lr_0.0001_batch_128_epochs_400_realStopEpoch_41, 0.19944974371650168, 0.34965925545, 0.162662119987, 0.216362362503
LSTM_80_timesteps_10_optimizer_sgd_lr_0.0001_batch_200_epochs_400_realStopEpoch_61, 0.19666607899508165, 0.362822705521, 0.160147517479, 0.234370753459
LSTM_100_timesteps_10_optimizer_sgd_lr_0.0001_batch_75_epochs_400_realStopEpoch_21, 0.19978421699344545, 0.372945748593, 0.162646441523, 0.236909488479
LSTM_100_timesteps_10_optimizer_sgd_lr_0.0001_batch_128_epochs_400_realStopEpoch_19, 0.19397804810858385, 0.393208159407, 0.15892808216, 0.245504414966
LSTM_100_timesteps_10_optimizer_sgd_lr_0.0001_batch_200_epochs_400_realStopEpoch_39, 0.19712427334297333, 0.373183898667, 0.161104630865, 0.232220994573
LSTM_50_timesteps_10_optimizer_adam_lr_0.0001_batch_75_epochs_400_realStopEpoch_14, 0.20361868873239286, 0.355075972349, 0.165099431899, 0.228992980297
LSTM_50_timesteps_10_optimizer_adam_lr_0.0001_batch_128_epochs_400_realStopEpoch_12, 0.19896892662373059, 0.353992688952, 0.161468072386, 0.238726485161
LSTM_50_timesteps_10_optimizer_adam_lr_0.0001_batch_200_epochs_400_realStopEpoch_6, 0.19800432343399954, 0.351078905878, 0.162065880416, 0.240693199377
LSTM_80_timesteps_10_optimizer_adam_lr_0.0001_batch_75_epochs_400_realStopEpoch_7, 0.20476379375881118, 0.386648888792, 0.166301332078, 0.243001756346
LSTM_80_timesteps_10_optimizer_adam_lr_0.0001_batch_128_epochs_400_realStopEpoch_8, 0.20061774932402798, 0.374748547242, 0.1627012841, 0.242616855839
LSTM_80_timesteps_10_optimizer_adam_lr_0.0001_batch_200_epochs_400_realStopEpoch_6, 0.19539880411594546, 0.398646091381, 0.158263510577, 0.259589333185
LSTM_100_timesteps_10_optimizer_adam_lr_0.0001_batch_75_epochs_400_realStopEpoch_10, 0.20740173076551685, 0.367174761705, 0.168469898013, 0.232990541857
LSTM_100_timesteps_10_optimizer_adam_lr_0.0001_batch_128_epochs_400_realStopEpoch_8, 0.19998178752729226, 0.373035309009, 0.161896404967, 0.246675899838
LSTM_100_timesteps_10_optimizer_adam_lr_0.0001_batch_200_epochs_400_realStopEpoch_5, 0.19343151169865622, 0.413018530036, 0.157578478853, 0.267105010848
LSTM_100_timesteps_10_optimizer_sgd_lr_0.0001_batch_200_epochs_400_realStopEpoch_44, 0.19521203810912222, 0.384739470014, 0.159584565104, 0.242653906939
LSTM_120_timesteps_10_optimizer_sgd_lr_0.0001_batch_200_epochs_400_realStopEpoch_50, 0.19388178980282733, 0.402150341985, 0.158057572686, 0.244684710669
LSTM_150_timesteps_10_optimizer_sgd_lr_0.0001_batch_200_epochs_400_realStopEpoch_39, 0.19240130447433834, 0.41500443316, 0.157206477954, 0.252138556973
LSTM_100_timesteps_10_optimizer_adam_lr_0.0001_batch_200_epochs_400_realStopEpoch_7, 0.19522958527629816, 0.402546793358, 0.158515811253, 0.25838598305
LSTM_120_timesteps_10_optimizer_adam_lr_0.0001_batch_200_epochs_400_realStopEpoch_8, 0.1956976298386846, 0.382890983056, 0.158643628282, 0.252743431671
LSTM_150_timesteps_10_optimizer_adam_lr_0.0001_batch_200_epochs_400_realStopEpoch_8, 0.19542943877861613, 0.399669119381, 0.158908853054, 0.257983234251



